331
116.000000 -57.441655 192.905304
172.497423 -60.121802 176.878512
196.497423 -66.821772 218.676962
148.000000 -68.880795 247.724517
99.502577 -85.974900 271.299749
75.502577 -79.274930 229.501299
92.000000 -50.741686 151.106854
140.497423 -48.682663 122.059299
173.282032 -96.792422 113.897165
186.353829 -102.490887 152.944004
208.210236 -96.976355 161.183387
202.353829 -59.346441 198.138658
223.425626 -69.784076 250.206260
202.641016 -73.888317 261.482571
168.000000 -80.728720 280.276424
133.358984 -87.569123 299.070276
112.574374 -91.673365 310.346588
77.646171 -83.971891 265.796527
55.789764 -127.074128 243.876338
61.646171 -127.116337 220.601873
34.717968 -124.154034 189.072575
43.502577 -67.835791 174.682086
52.000000 -42.080917 80.530717
100.497423 -40.021894 51.483163
128.210236 -27.032031 39.184242
161.282032 -37.060880 113.519149
210.066642 -94.648980 131.398541
192.210236 -132.603261 118.724895
193.282032 -131.192970 138.240589
204.210236 -132.194475 140.992200
211.138439 -93.238689 150.914235
222.066642 -56.652489 167.346652
204.210236 -11.913819 184.770779
198.353829 -34.424233 199.836760
211.425626 4.982548 255.300566
219.425626 -14.791704 262.849007
241.569219 -61.406753 320.751497
234.641016 -77.809916 319.037945
227.712813 -86.695537 320.060555
200.000000 -99.685401 332.359475
172.287187 -97.640182 350.130718
165.358984 -91.490722 356.625650
158.430781 -77.823720 365.856743
108.574374 -36.680993 322.989334
100.574374 -16.906741 315.440894
73.646171 -59.049683 267.494629
51.789764 -42.011592 267.463729
41.933358 -92.222584 265.074685
44.861561 -126.072623 241.124727
51.789764 -162.292247 223.685151
54.717968 -158.554582 213.415999
39.789764 -162.701033 201.417845
29.933358 -130.219075 229.126573
22.717968 -64.422492 188.694559
-24.210236 -57.129804 121.877192
3.502577 -59.175022 104.105949
8.000000 -38.568104 0.708038
65.282032 -17.778544 -56.410811
108.994845 60.908389 -15.306595
128.210236 25.590756 58.337370
154.353829 6.676285 133.694886
192.210236 10.230018 170.711957
212.994845 -53.323609 134.810195
207.138439 -128.456809 130.723048
211.138439 -153.379017 129.024946
196.210236 -150.007928 119.762954
197.282032 -156.115178 136.542487
204.497423 -176.806515 193.391469
207.425626 -158.033768 188.594639
228.210236 -153.929526 177.318328
173.569219 31.498979 229.228140
153.569219 43.346905 196.676233
152.784610 42.429820 245.976774
160.784610 30.173109 256.261376
203.425626 32.274341 250.488286
121.569219 69.821126 147.329343
128.784610 56.647330 206.914485
140.784610 49.538575 226.445630
136.000000 43.473534 266.499628
144.000000 38.734364 279.520391
176.000000 12.260142 328.867282
204.497423 26.167091 267.267820
214.353829 31.272837 253.239897
108.784610 83.530337 179.834901
108.000000 67.578170 223.663119
116.000000 55.321459 233.947721
99.215390 41.330091 248.998253
111.215390 34.221336 268.529397
119.215390 21.964625 278.813999
92.574374 10.385052 310.628614
107.502577 7.013963 319.890607
134.430781 -10.983423 345.947582
153.358984 -16.724098 361.719956
212.000000 -31.618746 379.252231
222.641016 -3.043292 324.132251
217.569219 5.433544 300.842336
32.497423 165.646953 1.002223
51.712813 152.881943 82.854671
64.497423 139.172732 50.349114
113.779455 97.043594 -44.415949
86.851252 122.558521 -67.736763
52.994845 116.635203 -98.243452
20.210236 112.122175 -109.234446
1.569219 163.461301 -39.773617
3.712813 181.316963 4.730094
19.712813 171.838623 30.771620
35.712813 162.360283 56.813146
24.000000 154.927161 100.625915
44.000000 135.561695 130.441661
71.712813 125.998935 109.934256
96.497423 105.180969 96.959843
-19.215390 174.392141 -23.024984
-24.000000 183.362182 22.501337
-12.000000 176.253427 42.032481
12.000000 162.035917 81.094770
-19.712813 151.415638 86.883309
-3.712813 141.937298 112.924835
16.287187 115.054291 140.004420
56.000000 120.935399 147.236644
80.784610 107.634974 136.998392
96.784610 90.639092 160.303756
-72.000000 -13.729026 -137.708075
-19.502577 -6.522047 -157.509087
38.353829 -14.816240 -87.940109
-24.000000 -27.128965 -54.111175
-86.353829 -39.441690 -20.282241
-116.497423 -25.675175 -104.886300
-80.000000 -16.507397 -153.464999
-38.430781 -8.298914 -176.017622
-45.358984 20.403170 -161.314207
24.210236 -3.010524 -143.766482
28.210236 -12.897650 -139.992261
29.282032 -19.004901 -123.212728
52.210236 -27.115161 -100.929973
-73.282032 -45.140155 18.764598
-100.210236 -57.212933 -18.237022
-109.282032 -46.366512 -48.037318
-124.210236 -42.995423 -57.299311
-128.210236 -33.108297 -61.073531
-114.641016 6.722364 -123.726502
-121.569219 -24.715880 -130.912376
-124.000000 2.040498 -227.815356
-54.717968 23.238844 -262.666900
-61.646171 51.940928 -247.963484
-80.000000 21.080308 -139.784193
-72.000000 76.481465 -104.874141
-37.358984 75.804327 -126.404155
38.066642 22.278260 -143.075539
42.066642 -2.643948 -144.773641
52.994845 -18.680535 -147.494352
51.138439 -28.525451 -120.445667
83.923048 -31.529964 -112.190834
86.066642 -28.709384 -73.159445
106.851252 -24.605142 -84.435757
129.779455 -2.645238 -51.208357
138.564065 16.085300 -79.279651
118.564065 27.933225 -111.831559
66.851252 29.160872 -138.594927
-68.000000 126.734667 -79.210631
-50.143594 127.101243 -80.217791
-32.287187 127.467819 -81.224951
-38.143594 165.097734 -44.269680
-40.000000 177.805440 -9.012511
-60.784610 166.183658 -0.472361
-51.712813 170.372319 34.800258
-35.712813 160.893979 60.841784
-64.497423 146.493825 53.625010
-32.497423 120.019604 102.971900
-0.497423 86.027841 149.582630
39.215390 99.426490 159.551014
80.000000 99.200348 183.562771
88.000000 86.943637 193.847373
109.779455 -20.867476 -94.704909
70.851252 -40.866581 -156.709995
92.707658 -42.869590 -151.206773
52.994845 -41.233157 -155.702836
70.851252 -18.313958 -148.501512
92.707658 -20.316967 -142.998290
145.492268 -42.686947 -104.927711
145.492268 -65.239570 -113.136194
131.923048 -90.035149 -45.010901
51.138439 -51.078074 -128.654151
69.282032 -57.735833 -63.581236
123.923048 -62.743356 -49.823181
107.635861 -8.652975 -128.263975
69.282032 -80.288456 -71.789719
82.353829 -93.504462 -35.479041
82.353829 -78.469380 -30.006719
96.210236 -75.733219 -37.524260
135.138439 -108.356901 5.327699
173.779455 -103.886083 -6.955772
151.635861 -64.788575 -67.594424
92.210236 -88.398716 -49.506964
113.282032 -106.353892 -0.175523
151.635861 -79.823656 -73.066746
186.564065 -95.042671 -31.252847
172.420471 -60.684333 -78.870735
172.420471 -75.719415 -84.343058
232.784610 -35.032045 365.239759
225.856406 -89.022913 349.845401
231.712813 -74.030041 332.043258
225.569219 -6.823167 311.126938
220.000000 -36.357916 392.272994
220.000000 -58.910539 384.064511
216.000000 -86.611118 366.609485
212.000000 -99.276615 354.626781
218.928203 -97.908534 350.868010
221.856406 -86.653328 343.335020
244.210236 -178.442948 197.887531
263.923048 -168.231456 169.831686
254.066642 -173.337202 183.859609
271.138439 -188.922793 226.680668
240.210236 -161.038281 196.849472
250.353829 -193.027035 237.956980
226.353829 -178.809524 198.894691
228.497423 -191.024026 232.453758
222.353829 -161.404857 197.856632
252.994845 -152.194870 172.552398
250.066642 -155.932535 182.821550
280.994845 -183.817047 212.652746
208.000000 -89.389489 350.852561
194.143594 -92.125650 358.370102
176.287187 -84.974685 362.113422
191.215390 -43.240529 387.792382
142.430781 -23.240134 356.232184
89.646171 6.647387 320.897766
90.430781 15.082013 274.333386
70.430781 26.929938 241.781479
39.789764 -19.867755 253.404907
19.005155 -91.629865 240.055768
40.861561 -161.290743 220.933540
75.789764 -184.027299 260.011278
96.574374 -179.923057 248.734967
107.502577 -195.959644 246.014256
58.717968 -183.476790 211.717897
43.789764 -180.105700 202.455905
44.861561 -186.212951 219.235438
66.851252 -0.909291 -149.539571
87.215390 48.438847 229.467108
67.215390 75.321854 202.387523
38.430781 53.404159 192.434589
29.646171 -17.949165 201.352755
-81.569219 147.044334 5.331628
-132.210236 82.024403 -26.541495
-140.994845 78.328947 7.002122
-134.851252 78.779942 52.543892
-121.779455 50.528854 83.382248
-84.994845 22.602133 89.938979
-24.210236 -4.507017 141.030320
55.215390 82.430609 182.856379
-65.856406 159.625412 -29.234598
-87.712813 116.523175 -51.154787
-106.641016 62.123522 -88.816450
-142.066642 -13.291835 -45.347507
-154.851252 -14.617706 -18.314271
-158.564065 -26.789998 38.519261
-138.564065 -38.637923 71.071168
-105.779455 -49.159977 76.589840
-77.856406 121.628921 -65.182709
-64.000000 146.917705 -64.491767
-46.143594 147.284281 -65.498926
-52.000000 169.879114 -34.015978
-73.856406 141.811959 -50.463844
-115.138439 -61.359385 -30.235176
-123.923048 -72.572382 0.572280
-69.282032 -85.097445 11.594174
-69.282032 -107.650068 3.385690
-115.138439 -83.912007 -38.443659
-140.994845 -79.539413 -50.457262
-140.994845 -56.986791 -42.248779
-138.066642 -38.214043 -47.045609
-154.851252 -44.687870 -29.258916
-155.635861 -60.640037 14.569303
-125.779455 -67.382216 33.093288
-114.851252 -68.383720 35.844899
-94.066642 -64.279479 24.568587
-156.707658 -69.567868 -7.682553
-83.923048 -103.785773 62.939934
-56.210236 -105.830992 45.168691
-42.353829 -103.094831 37.651150
-42.353829 -118.129913 32.178827
-60.210236 -118.496489 33.185987
-75.923048 -131.077566 67.752213
-145.492268 -122.698954 44.732166
-156.707658 -92.120491 -15.891036
-150.851252 -84.645160 -36.429340
-150.851252 -62.092537 -28.220857
-145.492268 -100.146331 52.940649
-111.635861 -116.775636 75.238854
-61.779455 -150.400823 120.842424
-31.138439 -141.190835 95.538190
-25.282032 -133.715503 74.999886
-132.420471 -120.879878 86.515166
-90.564065 -149.765894 119.097973
-111.635861 -131.810718 69.766532
-132.420471 -135.914960 81.042844
198.143594 -94.495235 364.880483
205.071797 -100.644695 358.385551
91.789764 -208.540721 280.580482
101.646171 -203.434975 266.552559
125.646171 -217.652485 305.614848
87.789764 -191.136054 279.542423
104.861561 -221.756727 316.891160
73.933358 -208.907297 281.587641
56.076952 -209.273873 282.594801
59.005155 -190.501126 277.797971
97.646171 -186.030308 265.514500
131.502577 -210.177154 285.076544
69.933358 -191.502630 280.549582
87.005155 -222.123303 317.898319
-186.353829 27.315477 -180.305616
-193.282032 -4.122767 -187.491490
-168.000000 28.105933 -299.429552
-77.933358 53.408522 -345.557407
-77.933358 90.996227 -331.876601
-124.000000 47.145744 -211.398389
-258.066642 55.426132 -234.148569
-258.066642 17.838427 -247.829374
-208.000000 51.801784 -364.533366
-117.933358 77.104372 -410.661221
-117.933358 114.692077 -396.980416
-168.000000 80.728720 -280.276424
-298.066642 79.121982 -299.252383
-298.066642 41.534278 -312.933189
-240.000000 78.276005 -413.880257
-194.430781 84.114904 -429.922498
-194.430781 121.702609 -416.241693
-208.000000 104.424571 -345.380238
-277.569219 105.285642 -371.136447
-277.569219 67.697937 -384.817252
-240.000000 115.863710 -400.199451
2632
0 1
1 2
2 0
0 1
0 2
2 3
3 0
0 2
0 3
3 4
4 0
0 3
0 4
4 5
5 0
0 4
0 5
5 6
6 0
0 5
0 6
6 1
1 0
0 6
1 6
6 7
7 1
1 6
1 7
7 8
8 1
1 7
1 8
8 9
9 1
1 8
1 9
9 10
10 1
1 9
1 10
10 11
11 1
1 10
1 11
11 2
2 1
1 11
2 11
11 12
12 2
2 11
2 12
12 13
13 2
2 12
2 13
13 3
3 2
2 13
3 13
13 14
14 3
3 13
3 14
14 15
15 3
3 14
3 15
15 4
4 3
3 15
4 15
15 16
16 4
4 15
4 16
16 17
17 4
4 16
4 17
17 5
5 4
4 17
5 17
17 18
18 5
5 17
5 18
18 19
19 5
5 18
5 19
19 20
20 5
5 19
5 20
20 21
21 5
5 20
5 21
21 6
6 5
5 21
6 21
21 22
22 6
6 21
6 22
22 7
7 6
6 22
7 22
22 23
23 7
7 22
7 23
23 24
24 7
7 23
7 24
24 25
25 7
7 24
7 25
25 8
8 7
7 25
8 25
25 26
26 8
8 25
8 26
26 27
27 8
8 26
8 27
27 9
9 8
8 27
9 27
27 28
28 9
9 27
9 28
28 29
29 9
9 28
9 29
29 10
10 9
9 29
10 29
29 30
30 10
10 29
10 30
30 31
31 10
10 30
10 31
31 11
11 10
10 31
11 31
31 32
32 11
11 31
11 32
32 33
33 11
11 32
11 33
33 34
34 11
11 33
11 34
34 12
12 11
11 34
12 34
34 35
35 12
12 34
12 35
35 36
36 12
12 35
12 36
36 37
37 12
12 36
12 37
37 38
38 12
12 37
12 38
38 13
13 12
12 38
13 38
38 39
39 13
13 38
13 39
39 14
14 13
13 39
14 39
39 15
15 14
14 39
15 39
39 40
40 15
15 39
15 40
40 16
16 15
15 40
16 40
40 41
41 16
16 40
16 41
41 42
42 16
16 41
16 42
42 43
43 16
16 42
16 43
43 44
44 16
16 43
16 44
44 17
17 16
16 44
17 44
44 45
45 17
17 44
17 45
45 46
46 17
17 45
17 46
46 47
47 17
17 46
17 47
47 18
18 17
17 47
18 47
47 48
48 18
18 47
18 48
48 49
49 18
18 48
18 49
49 19
19 18
18 49
19 49
49 50
50 19
19 49
19 50
50 51
51 19
19 50
19 51
51 20
20 19
19 51
20 51
51 52
52 20
20 51
20 52
52 53
53 20
20 52
20 53
53 21
21 20
20 53
21 53
53 54
54 21
21 53
21 54
54 55
55 21
21 54
21 55
55 22
22 21
21 55
22 55
55 56
56 22
22 55
22 56
56 23
23 22
22 56
23 56
56 57
57 23
23 56
23 57
57 24
24 23
23 57
24 57
57 58
58 24
24 57
24 58
58 59
59 24
24 58
24 59
59 25
25 24
24 59
25 59
59 60
60 25
25 59
25 60
60 61
61 25
25 60
25 61
61 62
62 25
25 61
25 62
62 26
26 25
25 62
26 62
62 31
31 26
26 62
26 31
31 30
30 26
26 31
26 30
30 63
63 26
26 30
26 63
63 27
27 26
26 63
27 63
63 64
64 27
27 63
27 64
64 65
65 27
27 64
27 65
65 28
28 27
27 65
28 65
65 66
66 28
28 65
28 66
66 67
67 28
28 66
28 67
67 68
68 28
28 67
28 68
68 29
29 28
28 68
29 68
68 69
69 29
29 68
29 69
69 63
63 29
29 69
29 63
63 30
30 29
29 63
70 71
71 72
72 70
70 71
70 72
72 73
73 70
70 72
70 73
73 74
74 70
70 73
70 74
74 33
33 70
70 74
70 33
33 71
71 70
70 33
71 33
33 32
32 71
71 33
71 32
32 61
61 71
71 32
71 61
61 60
60 71
71 61
71 60
60 75
75 71
71 60
71 75
75 76
76 71
71 75
71 76
76 77
77 71
71 76
71 77
77 72
72 71
71 77
72 77
77 78
78 72
72 77
72 78
78 73
73 72
72 78
73 78
78 79
79 73
73 78
73 79
79 80
80 73
73 79
73 80
80 74
74 73
73 80
74 80
80 81
81 74
74 80
74 81
81 82
82 74
74 81
74 82
82 34
34 74
74 82
74 34
34 33
33 74
74 34
76 83
83 84
84 76
76 83
76 84
84 85
85 76
76 84
76 85
85 77
77 76
76 85
77 85
85 78
78 77
77 85
78 85
85 86
86 78
78 85
78 86
86 87
87 78
78 86
78 87
87 79
79 78
78 87
79 87
87 88
88 79
79 87
79 88
88 80
80 79
79 88
80 88
88 89
89 80
80 88
80 89
89 90
90 80
80 89
80 90
90 91
91 80
80 90
80 91
91 92
92 80
80 91
80 92
92 93
93 80
80 92
80 93
93 94
94 80
80 93
80 94
94 95
95 80
80 94
80 95
95 81
81 80
80 95
81 95
95 34
34 81
81 95
81 34
34 82
82 81
81 34
96 97
97 98
98 96
96 97
96 98
98 58
58 96
96 98
96 58
58 99
99 96
96 58
96 99
99 100
100 96
96 99
96 100
100 101
101 96
96 100
96 101
101 102
102 96
96 101
96 102
102 103
103 96
96 102
96 103
103 104
104 96
96 103
96 104
104 105
105 96
96 104
96 105
105 106
106 96
96 105
96 106
106 97
97 96
96 106
97 106
106 107
107 97
97 106
97 107
107 108
108 97
97 107
97 108
108 109
109 97
97 108
97 109
109 98
98 97
97 109
98 109
109 110
110 98
98 109
98 110
110 59
59 98
98 110
98 59
59 58
58 98
98 59
104 111
111 112
112 104
104 111
104 112
112 113
113 104
104 112
104 113
113 105
105 104
104 113
105 113
113 114
114 105
105 113
105 114
114 106
106 105
105 114
106 114
114 107
107 106
106 114
107 114
114 115
115 107
107 114
107 115
115 116
116 107
107 115
107 116
116 108
108 107
107 116
108 116
116 117
117 108
108 116
108 117
117 118
118 108
108 117
108 118
118 109
109 108
108 118
109 118
118 119
119 109
109 118
109 119
119 110
110 109
109 119
110 119
119 120
120 110
110 119
110 120
120 75
75 110
110 120
110 75
75 60
60 110
110 75
110 60
60 59
59 110
110 60
121 122
122 123
123 121
121 122
121 123
123 124
124 121
121 123
121 124
124 125
125 121
121 124
121 125
125 126
126 121
121 125
121 126
126 127
127 121
121 126
121 127
127 122
122 121
121 127
122 127
127 128
128 122
122 127
122 128
128 129
129 122
122 128
122 129
129 130
130 122
122 129
122 130
130 131
131 122
122 130
122 131
131 132
132 122
122 131
122 132
132 123
123 122
122 132
123 132
132 133
133 123
123 132
123 133
133 57
57 123
123 133
123 57
57 124
124 123
123 57
124 57
57 56
56 124
124 57
124 56
56 134
134 124
124 56
124 134
134 125
125 124
124 134
125 134
134 135
135 125
125 134
125 135
135 136
136 125
125 135
125 136
136 126
126 125
125 136
126 136
136 137
137 126
126 136
126 137
137 138
138 126
126 137
126 138
138 139
139 126
126 138
126 139
139 140
140 126
126 139
126 140
140 127
127 126
126 140
127 140
140 141
141 127
127 140
127 141
141 128
128 127
127 141
128 141
141 142
142 128
128 141
128 142
142 129
129 128
128 142
129 142
142 143
143 129
129 142
129 143
143 144
144 129
129 143
129 144
144 145
145 129
129 144
129 145
145 146
146 129
129 145
129 146
146 130
130 129
129 146
130 146
146 102
102 130
130 146
130 102
102 147
147 130
130 102
130 147
147 148
148 130
130 147
130 148
148 149
149 130
130 148
130 149
149 131
131 130
130 149
131 149
149 132
132 131
131 149
132 149
149 150
150 132
132 149
132 150
150 133
133 132
132 150
133 150
150 151
151 133
133 150
133 151
151 152
152 133
133 151
133 152
152 57
57 133
133 152
57 152
152 153
153 57
57 152
57 153
153 154
154 57
57 153
57 154
154 58
58 57
57 154
58 154
154 155
155 58
58 154
58 155
155 99
99 58
58 155
99 155
155 156
156 99
99 155
99 156
156 100
100 99
99 156
100 156
156 157
157 100
100 156
100 157
157 101
101 100
100 157
101 157
157 147
147 101
101 157
101 147
147 102
102 101
101 147
145 158
158 159
159 145
145 158
145 159
159 160
160 145
145 159
145 160
160 146
146 145
145 160
146 160
160 102
102 146
146 160
102 160
160 103
103 102
102 160
103 160
160 161
161 103
103 160
103 161
161 111
111 103
103 161
103 111
111 104
104 103
103 111
111 161
161 162
162 111
111 161
111 162
162 112
112 111
111 162
112 162
162 163
163 112
112 162
112 163
163 164
164 112
112 163
112 164
164 113
113 112
112 164
113 164
164 165
165 113
113 164
113 165
165 114
114 113
113 165
114 165
165 115
115 114
114 165
115 165
165 166
166 115
115 165
115 166
166 116
116 115
115 166
116 166
166 167
167 116
116 166
116 167
167 117
117 116
116 167
117 167
167 168
168 117
117 167
117 168
168 169
169 117
117 168
117 169
169 118
118 117
117 169
118 169
169 170
170 118
118 169
118 170
170 119
119 118
118 170
119 170
170 120
120 119
119 170
120 170
170 171
171 120
120 170
120 171
171 83
83 120
120 171
120 83
83 75
75 120
120 83
75 83
83 76
76 75
75 83
62 61
61 32
32 62
62 61
62 32
32 31
31 62
62 32
151 172
172 153
153 151
151 172
151 153
153 152
152 151
151 153
173 174
174 175
175 173
173 174
173 175
175 149
149 173
173 175
173 149
149 176
176 173
173 149
173 176
176 174
174 173
173 176
174 176
176 177
177 174
174 176
174 177
177 178
178 174
174 177
174 178
178 179
179 174
174 178
174 179
179 175
175 174
174 179
175 179
179 180
180 175
175 179
175 180
180 181
181 175
175 180
175 181
181 150
150 175
175 181
175 150
150 149
149 175
175 150
151 150
150 182
182 151
151 150
151 182
182 183
183 151
151 182
151 183
183 177
177 151
151 183
151 177
177 172
172 151
151 177
172 177
177 184
184 172
172 177
172 184
184 155
155 172
172 184
172 155
155 154
154 172
172 155
172 154
154 153
153 172
172 154
181 180
180 185
185 181
181 180
181 185
185 150
150 181
181 185
150 185
185 182
182 150
150 185
182 185
185 186
186 182
182 185
182 186
186 187
187 182
182 186
182 187
187 188
188 182
182 187
182 188
188 183
183 182
182 188
183 188
188 189
189 183
183 188
183 189
189 180
180 183
183 189
183 180
180 190
190 183
183 180
183 190
190 191
191 183
183 190
183 191
191 178
178 183
183 191
183 178
178 177
177 183
183 178
185 180
180 192
192 185
185 180
185 192
192 186
186 185
185 192
186 192
192 193
193 186
186 192
186 193
193 187
187 186
186 193
187 193
193 188
188 187
187 193
188 193
193 192
192 188
188 193
188 192
192 189
189 188
188 192
189 192
192 180
180 189
189 192
180 179
179 194
194 180
180 179
180 194
194 190
190 180
180 194
190 194
194 191
191 190
190 194
191 194
194 195
195 191
191 194
191 195
195 196
196 191
191 195
191 196
196 178
178 191
191 196
178 196
196 179
179 178
178 196
179 196
196 197
197 179
179 196
179 197
197 194
194 179
179 197
194 197
197 195
195 194
194 197
195 197
197 196
196 195
195 197
198 199
199 200
200 198
198 199
198 200
200 36
36 198
198 200
198 36
36 201
201 198
198 36
198 201
201 94
94 198
198 201
198 94
94 93
93 198
198 94
198 93
93 202
202 198
198 93
198 202
202 203
203 198
198 202
198 203
203 199
199 198
198 203
199 203
203 204
204 199
199 203
199 204
204 205
205 199
199 204
199 205
205 206
206 199
199 205
199 206
206 207
207 199
199 206
199 207
207 200
200 199
199 207
200 207
207 37
37 200
200 207
200 37
37 36
36 200
200 37
208 67
67 66
66 208
208 67
208 66
66 65
65 208
208 66
208 65
65 209
209 208
208 65
208 209
209 210
210 208
208 209
208 210
210 211
211 208
208 210
208 211
211 212
212 208
208 211
208 212
212 213
213 208
208 212
208 213
213 214
214 208
208 213
208 214
214 67
67 208
208 214
67 214
214 215
215 67
67 214
67 215
215 68
68 67
67 215
68 215
215 216
216 68
68 215
68 216
216 69
69 68
68 216
69 216
216 212
212 69
69 216
69 212
212 217
217 69
69 212
69 217
217 63
63 69
69 217
63 217
217 64
64 63
63 217
64 217
217 209
209 64
64 217
64 209
209 65
65 64
64 209
212 218
218 217
217 212
212 218
217 218
218 219
219 217
217 218
217 219
219 209
209 217
217 219
209 219
219 210
210 209
209 219
210 219
219 218
218 210
210 219
210 218
218 211
211 210
210 218
211 218
218 212
212 211
211 218
214 216
216 215
215 214
214 216
216 214
214 213
213 216
216 214
216 213
213 212
212 216
216 213
95 35
35 34
34 95
95 35
35 95
95 201
201 35
35 95
35 201
201 36
36 35
35 201
201 95
95 94
94 201
201 95
38 37
37 207
207 38
38 37
38 207
207 39
39 38
38 207
39 207
207 220
220 39
39 207
39 220
220 221
221 39
39 220
39 221
221 40
40 39
39 221
40 221
221 41
41 40
40 221
41 221
221 222
222 41
41 221
41 222
222 42
42 41
41 222
42 222
222 223
223 42
42 222
42 223
223 224
224 42
42 223
42 224
224 43
43 42
42 224
43 224
224 91
91 43
43 224
43 91
91 44
44 43
43 91
44 91
91 90
90 44
44 91
44 90
90 225
225 44
44 90
44 225
225 89
89 44
44 225
44 89
89 45
45 44
44 89
45 89
89 226
226 45
45 89
45 226
226 227
227 45
45 226
45 227
227 46
46 45
45 227
46 227
227 228
228 46
46 227
46 228
228 229
229 46
46 228
46 229
229 47
47 46
46 229
47 229
229 52
52 47
47 229
47 52
52 48
48 47
47 52
48 52
52 230
230 48
48 52
48 230
230 49
49 48
48 230
49 230
230 231
231 49
49 230
49 231
231 232
232 49
49 231
49 232
232 50
50 49
49 232
50 232
232 233
233 50
50 232
50 233
233 234
234 50
50 233
50 234
234 235
235 50
50 234
50 235
235 51
51 50
50 235
51 235
235 236
236 51
51 235
51 236
236 230
230 51
51 236
51 230
230 52
52 51
51 230
206 205
205 220
220 206
206 205
206 220
220 207
207 206
206 220
147 157
157 237
237 147
147 157
147 237
237 148
148 147
147 237
148 237
237 149
149 148
148 237
149 237
237 176
176 149
149 237
176 237
237 184
184 176
176 237
176 184
184 177
177 176
176 184
237 157
157 156
156 237
237 157
237 156
156 184
184 237
237 156
184 156
156 155
155 184
184 156
238 227
227 86
86 238
238 227
238 86
86 85
85 238
238 86
238 85
85 84
84 238
238 85
238 84
84 239
239 238
238 84
238 239
239 240
240 238
238 239
238 240
240 227
227 238
238 240
227 240
240 241
241 227
227 240
227 241
241 228
228 227
227 241
228 241
241 53
53 228
228 241
228 53
53 229
229 228
228 53
229 53
53 52
52 229
229 53
164 166
166 165
165 164
164 166
166 164
164 242
242 166
166 164
166 242
242 243
243 166
166 242
166 243
243 244
244 166
166 243
166 244
244 245
245 166
166 244
166 245
245 246
246 166
166 245
166 246
246 247
247 166
166 246
166 247
247 167
167 166
166 247
167 247
247 248
248 167
167 247
167 248
248 168
168 167
167 248
168 248
248 241
241 168
168 248
168 241
241 240
240 168
168 241
168 240
240 249
249 168
168 240
168 249
249 169
169 168
168 249
169 249
249 170
170 169
169 249
170 249
249 171
171 170
170 249
171 249
249 239
239 171
171 249
171 239
239 84
84 171
171 239
171 84
84 83
83 171
171 84
163 242
242 164
164 163
163 242
242 163
163 250
250 242
242 163
242 250
250 251
251 242
242 250
242 251
251 243
243 242
242 251
243 251
251 252
252 243
243 251
243 252
252 138
138 243
243 252
243 138
138 253
253 243
243 138
243 253
253 244
244 243
243 253
244 253
253 254
254 244
244 253
244 254
254 245
245 244
244 254
245 254
254 255
255 245
245 254
245 255
255 246
246 245
245 255
246 255
255 256
256 246
246 255
246 256
256 247
247 246
246 256
247 256
256 257
257 247
247 256
247 257
257 134
134 247
247 257
247 134
134 54
54 247
247 134
247 54
54 248
248 247
247 54
248 54
54 53
53 248
248 54
248 53
53 241
241 248
248 53
145 252
252 251
251 145
145 252
145 251
251 258
258 145
145 251
145 258
258 158
158 145
145 258
158 258
258 259
259 158
158 258
158 259
259 159
159 158
158 259
159 259
259 260
260 159
159 259
159 260
260 160
160 159
159 260
160 260
260 161
161 160
160 260
161 260
260 261
261 161
161 260
161 261
261 162
162 161
161 261
162 261
261 250
250 162
162 261
162 250
250 163
163 162
162 250
145 139
139 252
252 145
145 139
252 139
139 138
138 252
252 139
258 251
251 262
262 258
258 251
258 262
262 259
259 258
258 262
259 262
262 261
261 259
259 262
259 261
261 260
260 259
259 261
263 136
136 135
135 263
263 136
263 135
135 264
264 263
263 135
263 264
264 265
265 263
263 264
263 265
265 266
266 263
263 265
263 266
266 267
267 263
263 266
263 267
267 268
268 263
263 267
263 268
268 269
269 263
263 268
263 269
269 136
136 263
263 269
136 269
269 137
137 136
136 269
137 269
269 138
138 137
137 269
138 269
269 270
270 138
138 269
138 270
270 253
253 138
138 270
253 270
270 271
271 253
253 270
253 271
271 254
254 253
253 271
254 271
271 255
255 254
254 271
255 271
271 272
272 255
255 271
255 272
272 256
256 255
255 272
256 272
272 273
273 256
256 272
256 273
273 257
257 256
256 273
257 273
273 274
274 257
257 273
257 274
274 134
134 257
257 274
134 274
274 275
275 134
134 274
134 275
275 135
135 134
134 275
135 275
275 264
264 135
135 275
264 275
275 274
274 264
264 275
264 274
274 273
273 264
264 274
264 273
273 276
276 264
264 273
264 276
276 277
277 264
264 276
264 277
277 265
265 264
264 277
265 277
277 278
278 265
265 277
265 278
278 279
279 265
265 278
265 279
279 280
280 265
265 279
265 280
280 266
266 265
265 280
266 280
280 281
281 266
266 280
266 281
281 282
282 266
266 281
266 282
282 267
267 266
266 282
267 282
282 268
268 267
267 282
268 282
282 283
283 268
268 282
268 283
283 284
284 268
268 283
268 284
284 285
285 268
268 284
268 285
285 269
269 268
268 285
269 285
285 286
286 269
269 285
269 286
286 271
271 269
269 286
269 271
271 270
270 269
269 271
284 286
286 285
285 284
284 286
286 284
284 276
276 286
286 284
286 276
276 272
272 286
286 276
286 272
272 271
271 286
286 272
276 287
287 277
277 276
276 287
277 287
287 288
288 277
277 287
277 288
288 289
289 277
277 288
277 289
289 282
282 277
277 289
277 282
282 290
290 277
277 282
277 290
290 278
278 277
277 290
278 290
290 281
281 278
278 290
278 281
281 291
291 278
278 281
278 291
291 279
279 278
278 291
279 291
291 280
280 279
279 291
280 291
291 281
281 280
280 291
284 287
287 276
276 284
284 287
287 284
284 283
283 287
287 284
287 283
283 292
292 287
287 283
287 292
292 288
288 287
287 292
288 292
292 293
293 288
288 292
288 293
293 294
294 288
288 293
288 294
294 289
289 288
288 294
289 294
294 282
282 289
289 294
282 294
294 283
283 282
282 294
283 294
294 295
295 283
283 294
283 295
295 292
292 283
283 295
292 295
295 293
293 292
292 295
293 295
295 294
294 293
293 295
290 282
282 281
281 290
290 282
225 90
90 89
89 225
225 90
223 222
222 296
296 223
223 222
223 296
296 203
203 223
223 296
223 203
203 202
202 223
223 203
223 202
202 93
93 223
223 202
223 93
93 92
92 223
223 93
223 92
92 224
224 223
223 92
224 92
92 91
91 224
224 92
296 204
204 203
203 296
296 204
204 296
296 205
205 204
204 296
205 296
296 297
297 205
205 296
205 297
297 220
220 205
205 297
220 297
297 221
221 220
220 297
221 297
297 296
296 221
221 297
221 296
296 222
222 221
221 296
298 234
234 233
233 298
298 234
298 233
233 299
299 298
298 233
298 299
299 300
300 298
298 299
298 300
300 301
301 298
298 300
298 301
301 302
302 298
298 301
298 302
302 303
303 298
298 302
298 303
303 304
304 298
298 303
298 304
304 235
235 298
298 304
298 235
235 234
234 298
298 235
231 230
230 305
305 231
231 230
231 305
305 301
301 231
231 305
231 301
301 306
306 231
231 301
231 306
306 232
232 231
231 306
232 306
306 307
307 232
232 306
232 307
307 233
233 232
232 307
233 307
307 299
299 233
233 307
299 307
307 306
306 299
299 307
299 306
306 300
300 299
299 306
300 306
306 301
301 300
300 306
304 236
236 235
235 304
304 236
236 304
304 305
305 236
236 304
236 305
305 230
230 236
236 305
301 305
305 308
308 301
301 305
301 308
308 302
302 301
301 308
302 308
308 303
303 302
302 308
303 308
308 309
309 303
303 308
303 309
309 304
304 303
303 309
304 309
309 305
305 304
304 309
305 309
309 308
308 305
305 309
55 54
54 134
134 55
55 54
55 134
134 56
56 55
55 134
273 272
272 276
276 273
273 272
145 144
144 139
139 145
145 144
139 144
144 310
310 139
139 144
139 310
310 311
311 139
139 310
139 311
311 140
140 139
139 311
140 311
311 141
141 140
140 311
141 311
311 312
312 141
141 311
141 312
312 142
142 141
141 312
142 312
312 313
313 142
142 312
142 313
313 314
314 142
142 313
142 314
314 143
143 142
142 314
143 314
314 315
315 143
143 314
143 315
315 144
144 143
143 315
144 315
315 310
310 144
144 315
310 315
315 316
316 310
310 315
310 316
316 311
311 310
310 316
311 316
316 317
317 311
311 316
311 317
317 312
312 311
311 317
312 317
317 318
318 312
312 317
312 318
318 313
313 312
312 318
313 318
318 319
319 313
313 318
313 319
319 314
314 313
313 319
314 319
319 320
320 314
314 319
314 320
320 321
321 314
314 320
314 321
321 315
315 314
314 321
315 321
321 316
316 315
315 321
316 321
321 322
322 316
316 321
316 322
322 323
323 316
316 322
316 323
323 317
317 316
316 323
317 323
323 318
318 317
317 323
318 323
323 324
324 318
318 323
318 324
324 319
319 318
318 324
319 324
324 325
325 319
319 324
319 325
325 320
320 319
319 325
320 325
325 326
326 320
320 325
320 326
326 327
327 320
320 326
320 327
327 321
321 320
320 327
321 327
327 322
322 321
321 327
322 327
327 328
328 322
322 327
322 328
328 329
329 322
322 328
322 329
329 323
323 322
322 329
323 329
329 324
324 323
323 329
324 329
329 330
330 324
324 329
324 330
330 325
325 324
324 330
325 330
330 326
326 325
325 330
326 330
330 327
327 326
326 330
327 330
330 328
328 327
327 330
328 330
330 329
329 328
328 330
240 239
239 249
249 240
240 239
226 88
88 87
87 226
226 88
226 87
87 227
227 226
226 87
227 87
87 86
86 227
227 87
226 89
89 88
88 226
226 89
262 251
251 250
250 262
262 251
262 250
250 261
261 262
262 250
